0.02000000	0.99593573
0.04000000	0.99181772
0.06000000	0.98764435
0.08000000	0.98341391
0.10000000	0.97912461
0.12000000	0.97477457
0.14000000	0.97036182
0.16000000	0.96588426
0.18000000	0.96133970
0.20000000	0.95672582
0.22000000	0.95204020
0.24000000	0.94728023
0.26000000	0.94244319
0.28000000	0.93752617
0.30000000	0.93252611
0.32000000	0.92743974
0.34000000	0.92226358
0.36000000	0.91699393
0.38000000	0.91162684
0.40000000	0.90615809
0.42000000	0.90058314
0.44000000	0.89489716
0.46000000	0.88909493
0.48000000	0.88317083
0.50000000	0.87711880
0.52000000	0.87093229
0.54000000	0.86460419
0.56000000	0.85812676
0.58000000	0.85149160
0.60000000	0.84468948
0.62000000	0.83771030
0.64000000	0.83054296
0.66000000	0.82317517
0.68000000	0.81559333
0.70000000	0.80778228
0.72000000	0.79972506
0.74000000	0.79140262
0.76000000	0.78279339
0.78000000	0.77387288
0.80000000	0.76461302
0.82000000	0.75498141
0.84000000	0.74494040
0.86000000	0.73444573
0.88000000	0.72344491
0.90000000	0.71187481
0.92000000	0.69965855
0.94000000	0.68670083
0.96000000	0.67288123
0.98000000	0.65804393
1.00000000	0.64198132
1.02000000	0.62440644
1.04000000	0.60490312
1.06000000	0.58282702
1.08000000	0.55708129
1.10000000	0.52549243
1.12000000	0.48227575
1.13000000      0.44974900
1.13500000      0.42487100
1.13800000      0.39848300
1.13882400      0.37541400
1.13882500      0.00000000
1.14000000	0.00000000
