# Theoretical predictions
# s=0.02, Ks=4, Ku=0.02
# col 1-> Km; col 2-> expected allele frequency under LE; col 3-6-> expected allele frequencies incorporating LD+drift for L=10,20,40,80
0.2  0.0737 0.0536 0.0381 0.0207 0.0093 
0.4  0.1559 0.1103 0.0748 0.0365 0.0125
0.8  0.3745 0.2720 0.1736 0.0732 0.0192
1.2  0.6120 0.5186 0.3440 0.1210 0.0263
1.4  0.7078 0.6478 0.4813 0.1523 0.0301
1.6  0.7820 0.7514 0.6437 0.1923 0.0339
1.8  0.8370 0.8243 0.7712 0.2485 a 
1.9  0.8585 0.8513 0.8145 0.2892 a 
2.0  0.8767 0.8732 0.8475 0.3495 0.0420
2.1  0.8921 0.8911 0.8730 0.5195 a 
2.2  0.9052 0.9052 0.8928 0.8186 a 
2.3  0.9164 0.9164 0.9084 0.8671 a
2.4  0.9259 0.9259 0.9210 0.8948 a
3.0  0.9604 0.9605 0.9605 0.9573 0.0656

