       1     0.001764000
       2     0.010313000
       3     0.030900000
       4     0.063478000
       5     0.104881000
       6     0.134140000
       7     0.145580000
       8     0.140354000
       9     0.119427000
      10     0.089273000
      11     0.062493000
      12     0.041450000
      13     0.025027000
      14     0.014160000
      15     0.007449000
      16     0.003625000
      17     0.001878000
      18     0.000946000
      19     0.000472000
      20     0.000304000
      21     0.000272000
      22     0.000260000
      23     0.000286000
      24     0.000256000
      25     0.000231000
      26     0.000236000
      27     0.000181000
      28     0.000142000
      29     0.000093000
      30     0.000057000
      31     0.000027000
      32     0.000020000
      33     0.000014000
      34     0.000002000
      35     0.000000000
      36     0.000001000
      37     0.000000000
      38     0.000000000
      39     0.000000000
      40     0.000000000
      41     0.000008000
