       1     0.000000000
       2     0.000002000
       3     0.000032000
       4     0.000092000
       5     0.000335000
       6     0.001062000
       7     0.002828000
       8     0.005854000
       9     0.010792000
      10     0.017735000
      11     0.027233000
      12     0.039536000
      13     0.052209000
      14     0.064994000
      15     0.075874000
      16     0.084065000
      17     0.088389000
      18     0.088180000
      19     0.083654000
      20     0.075509000
      21     0.066286000
      22     0.055229000
      23     0.044623000
      24     0.034695000
      25     0.026263000
      26     0.019014000
      27     0.012954000
      28     0.008539000
      29     0.005502000
      30     0.003291000
      31     0.002088000
      32     0.001318000
      33     0.000796000
      34     0.000516000
      35     0.000277000
      36     0.000131000
      37     0.000060000
      38     0.000024000
      39     0.000004000
      40     0.000001000
      41     0.000014000
