       1     0.039562500
       2     0.074750000
       3     0.087750000
       4     0.083937500
       5     0.075062500
       6     0.070437500
       7     0.057500000
       8     0.047000000
       9     0.040687500
      10     0.033125000
      11     0.027625000
      12     0.022062500
      13     0.016187500
      14     0.015125000
      15     0.011437500
      16     0.009625000
      17     0.011437500
      18     0.009375000
      19     0.011625000
      20     0.255687500
