       1     0.275312500
       2     0.080750000
       3     0.051875000
       4     0.031000000
       5     0.025000000
       6     0.021687500
       7     0.017375000
       8     0.013500000
       9     0.009875000
      10     0.011000000
      11     0.008750000
      12     0.007125000
      13     0.005875000
      14     0.004750000
      15     0.005500000
      16     0.005000000
      17     0.006187500
      18     0.005625000
      19     0.007250000
      20     0.406562500
