       1     0.003750000
       2     0.027125000
       3     0.054312500
       4     0.072625000
       5     0.091625000
       6     0.097187500
       7     0.087937500
       8     0.086500000
       9     0.070500000
      10     0.057250000
      11     0.047125000
      12     0.037125000
      13     0.024500000
      14     0.021500000
      15     0.016625000
      16     0.015562500
      17     0.014250000
      18     0.013000000
      19     0.010625000
      20     0.150875000
