       1     0.000437500
       2     0.005375000
       3     0.027000000
       4     0.047187500
       5     0.078375000
       6     0.096187500
       7     0.112625000
       8     0.101125000
       9     0.097750000
      10     0.079937500
      11     0.067562500
      12     0.051437500
      13     0.036375000
      14     0.029125000
      15     0.024562500
      16     0.020000000
      17     0.011000000
      18     0.010312500
      19     0.011250000
      20     0.092375000
